  2.0000000e+000  1.0000000e-001  2.2000000e+000  0.0000000e+000  2.5307190e-003 -1.1241830e-004  1.0980392e-004 -1.3557011e-002  5.0000000e+003  1.6643654e-004  1.6000000e+001  1.5040000e+003  2.0606838e+000
  2.0000000e+000  1.0000000e-001  2.3500000e+000  0.0000000e+000  2.2901961e-003 -9.5424837e-005  1.1895425e-004 -7.3529347e-004  5.0000000e+003  1.3200399e-004  1.7626263e+001  1.7450000e+003  1.9020781e+000
  2.0000000e+000  1.0000000e-001  2.0500000e+000  0.0000000e+000  2.1555556e-003  9.1503268e-005  1.3071895e-004  5.7616550e-002  5.0000000e+003  1.6326821e-004  1.3880435e+001  1.2770000e+003  2.3227848e+000
  2.0000000e+000  1.0000000e-001  2.1500000e+000  0.0000000e+000  2.1385621e-003 -1.2156863e-004 -6.5359477e-006 -1.5125715e-003  5.0000000e+003  1.4726348e-004  1.5377551e+001  1.5070000e+003  2.2494587e+000
  2.0000000e+000  1.0000000e-001  2.0500000e+000  0.0000000e+000  2.5111111e-003 -3.0065359e-005  3.4117647e-004  1.5530361e-002  5.0000000e+003  1.9019905e-004  1.4777778e+001  1.3300000e+003  2.2722895e+000
  2.0000000e+000  1.0000000e-001  2.0500000e+000  0.0000000e+000  2.4679739e-003 -7.8431373e-005  1.4640523e-004  7.9731477e-002  5.0000000e+003  1.8693170e-004  1.4606742e+001  1.3000000e+003  2.2470418e+000
  2.0000000e+000  1.0000000e-001  2.1000000e+000  0.0000000e+000  2.2640523e-003 -3.7908497e-005  1.0196078e-004  5.9966831e-002  5.0000000e+003  1.6341728e-004  1.5730337e+001  1.4000000e+003  2.1413137e+000
  2.0000000e+000  1.0000000e-001  2.2000000e+000  0.0000000e+000  2.4392157e-003 -1.9346405e-004  9.9346405e-005 -1.7938037e-002  5.0000000e+003  1.6041869e-004  1.6787234e+001  1.5780000e+003  2.0606838e+000
  2.0000000e+000  1.0000000e-001  2.3000000e+000  0.0000000e+000  3.4026144e-003 -1.1372549e-004  3.1633987e-004 -7.8031902e-004  5.0000000e+003  2.0474212e-004  1.6465347e+001  1.6630000e+003  2.0257907e+000
  2.0000000e+000  1.0000000e-001  2.4000000e+000  0.0000000e+000  2.7294118e-003 -5.2287582e-006  2.0130719e-004 -2.0869139e-003  5.0000000e+003  1.5083312e-004  1.7519231e+001  1.8220000e+003  1.9157539e+000
  2.0000000e+000  1.0000000e-001  2.1000000e+000  0.0000000e+000  2.5307190e-003 -1.0326797e-004  3.6732026e-004  3.3233601e-004  5.0000000e+003  1.8266505e-004  1.4494505e+001  1.3190000e+003  2.1894331e+000
  2.0000000e+000  1.0000000e-001  2.2000000e+000  0.0000000e+000  3.1058824e-003  1.1633987e-004  1.2287582e-004 -1.4696022e-003  5.0000000e+003  2.0426303e-004  1.6351064e+001  1.5370000e+003  2.0606838e+000
  2.0000000e+000  1.0000000e-001  2.2000000e+000  0.0000000e+000  2.4287582e-003  1.3725490e-004  2.2483660e-004  1.4154297e-002  5.0000000e+003  1.5973094e-004  1.5569892e+001  1.4480000e+003  2.0387617e+000
  2.0000000e+000  1.0000000e-001  2.3000000e+000  0.0000000e+000  3.1607843e-003  2.3529412e-005  3.9215686e-006 -8.3115414e-004  5.0000000e+003  1.9019072e-004  1.6790000e+001  1.6790000e+003  2.0057334e+000
  2.0000000e+000  1.0000000e-001  2.4000000e+000  0.0000000e+000  2.5411765e-003 -1.9738562e-004  1.3856209e-004 -7.4232507e-004  5.0000000e+003  1.4043083e-004  1.7229358e+001  1.8780000e+003  2.0078575e+000
  2.0000000e+000  1.0000000e-001  2.5000000e+000  0.0000000e+000  2.1620915e-003 -3.9215686e-005  1.3464052e-004  9.6380126e-003  5.0000000e+003  1.1011442e-004  1.7863636e+001  1.9650000e+003  1.8674180e+000
  2.0000000e+000  1.0000000e-001  2.6000000e+000  0.0000000e+000  2.8941176e-003 -2.1176471e-004  3.7254902e-004  9.7602031e-003  5.0000000e+003  1.3627607e-004  1.8763158e+001  2.1390000e+003  1.7893159e+000
  2.0000000e+000  1.0000000e-001  2.7000000e+000  0.0000000e+000  3.0758170e-003 -2.6143791e-005  3.0196078e-004 -8.6798833e-003  5.0000000e+003  1.3430219e-004  2.0937500e+001  2.3450000e+003  1.6301192e+000
  2.0000000e+000  1.0000000e-001  2.8000000e+000  0.0000000e+000  3.9529412e-003  1.3071895e-006  8.4967320e-005 -5.1571155e-003  5.0000000e+003  1.6049238e-004  2.2100840e+001  2.6300000e+003  1.6104964e+000
  2.0000000e+000  1.0000000e-001  2.9000000e+000  0.0000000e+000  5.8209150e-003  6.9281046e-005  1.5163399e-004 -8.0579400e-004  5.0000000e+003  2.2031567e-004  2.2319328e+001  2.6560000e+003  1.5013427e+000
  2.0000000e+000  1.0000000e-001  3.0000000e+000  0.0000000e+000  5.7830065e-003 -2.7189542e-004  2.5490196e-004 -2.9087938e-003  5.0000000e+003  2.0453202e-004  2.2346457e+001  2.8380000e+003  1.4972354e+000
  2.0000000e+000  1.0000000e-001  2.0500000e+000  0.0000000e+000  2.0967320e-003  1.8300654e-005  7.8431373e-005  1.4916057e-002  5.0000000e+003  1.5881274e-004  1.4021739e+001  1.2900000e+003  2.3227848e+000
  2.0000000e+000  1.0000000e-001  2.3000000e+000  0.0000000e+000  2.9869281e-003  1.6470588e-004  3.5555556e-004 -4.2701497e-004  5.0000000e+003  1.7972944e-004  1.5066667e+001  1.5820000e+003  2.1060200e+000
  2.0000000e+000  1.0000000e-001  2.4000000e+000  0.0000000e+000  4.2562092e-003  2.6405229e-004  1.2549020e-004  3.1474116e-002  5.0000000e+003  2.3520720e-004  1.6779817e+001  1.8290000e+003  2.0078575e+000
  2.0000000e+000  1.0000000e-001  2.4000000e+000  0.0000000e+000  1.7071895e-003 -1.3071895e-004  3.7908497e-005 -1.5780244e-003  5.0000000e+003  9.4342936e-005  1.6718447e+001  1.7220000e+003  1.8973332e+000
  2.0000000e+000  1.0000000e-001  2.5000000e+000  0.0000000e+000  2.9084967e-003  1.0588235e-004  2.0261438e-004 -1.8256289e-002  5.0000000e+003  1.4812852e-004  1.8370370e+001  1.9840000e+003  1.8334649e+000
  2.0000000e+000  1.0000000e-001  2.6000000e+000  0.0000000e+000  4.3045752e-003 -7.9738562e-005  1.1764706e-004 -7.3872823e-003  5.0000000e+003  2.0269066e-004  1.9165217e+001  2.2040000e+003  1.8050117e+000
  2.0000000e+000  1.0000000e-001  2.7000000e+000  0.0000000e+000  4.2915033e-003 -1.1764706e-004  2.0915033e-004 -1.0439469e-003  5.0000000e+003  1.8738380e-004  1.8942149e+001  2.2920000e+003  1.7611109e+000
  2.0000000e+000  1.0000000e-001  2.8000000e+000  0.0000000e+000  4.5307190e-003 -3.5294118e-005  2.3267974e-004  2.1599173e-002  5.0000000e+003  1.8395059e-004  2.0848739e+001  2.4810000e+003  1.6104964e+000
  2.0000000e+000  1.0000000e-001  2.9000000e+000  0.0000000e+000  5.7398693e-003 -1.0457516e-004  4.4444444e-004  1.2950261e-004  5.0000000e+003  2.1724817e-004  2.1991870e+001  2.7050000e+003  1.5518080e+000
  2.0000000e+000  1.0000000e-001  3.0000000e+000  0.0000000e+000  6.6379085e-003 -3.2679739e-005  2.7058824e-004  3.4871164e-002  5.0000000e+003  2.3476799e-004  2.3223077e+001  3.0190000e+003  1.5326032e+000
  2.0000000e+000  1.0000000e-001  2.0500000e+000  0.0000000e+000  2.3228758e-003 -2.3267974e-004  2.2222222e-004  5.4103502e-003  5.0000000e+003  1.7594154e-004  1.3833333e+001  1.3280000e+003  2.4237755e+000
  2.0000000e+000  1.0000000e-001  2.1500000e+000  0.0000000e+000  2.0627451e-003  2.7450980e-005 -3.1372549e-005  9.7153631e-004  5.0000000e+003  1.4204265e-004  1.6382022e+001  1.4580000e+003  2.0428758e+000
  2.0000000e+000  1.0000000e-001  2.2500000e+000  0.0000000e+000  1.6366013e-003  2.6143791e-006  2.3398693e-004 -3.3465321e-004  5.0000000e+003  1.0290299e-004  1.5540000e+001  1.5540000e+003  2.0958676e+000
  2.0000000e+000  1.0000000e-001  2.3500000e+000  0.0000000e+000  3.5437908e-003  1.3071895e-005  1.3071895e-004  4.5042812e-004  5.0000000e+003  2.0425960e-004  1.6194175e+001  1.6680000e+003  1.9789297e+000
  2.0000000e+000  1.0000000e-001  2.4500000e+000  0.0000000e+000  2.7241830e-003 -2.9150327e-004  2.1568627e-004 -1.7920384e-005  5.0000000e+003  1.4446220e-004  1.7855856e+001  1.9820000e+003  1.9620934e+000
  2.0000000e+000  1.0000000e-001  2.5500000e+000  0.0000000e+000  2.3869281e-003 -1.1111111e-004  9.8039216e-005  7.5205990e-003  5.0000000e+003  1.1684472e-004  1.9266055e+001  2.1000000e+003  1.7785866e+000
  2.0000000e+000  1.0000000e-001  2.6500000e+000  0.0000000e+000  2.7555556e-003 -2.7843137e-004  1.6732026e-004 -2.3156222e-002  5.0000000e+003  1.2490147e-004  1.8464912e+001  2.1050000e+003  1.7224316e+000
  2.0000000e+000  1.0000000e-001  2.7500000e+000  0.0000000e+000  4.1751634e-003  1.2287582e-004  5.2287582e-005 -7.2007731e-004  5.0000000e+003  1.7573498e-004  2.0183333e+001  2.4220000e+003  1.6836225e+000
  2.0000000e+000  1.0000000e-001  2.8500000e+000  0.0000000e+000  4.7411765e-003 -1.2418301e-004  3.3202614e-004  1.2249870e-004  5.0000000e+003  1.8580035e-004  2.1932773e+001  2.6100000e+003  1.5544835e+000
  2.0000000e+000  1.0000000e-001  2.9500000e+000  0.0000000e+000  5.5058824e-003  1.5032680e-004  2.8888889e-004  2.3637879e-002  5.0000000e+003  2.0138774e-004  2.2376000e+001  2.7970000e+003  1.5240347e+000
  2.0000000e+000  1.0000000e-001  2.0000000e+000  0.0000000e+000  2.0679739e-003  7.5816993e-005  1.9215686e-004  2.8323763e-002  5.0000000e+003  1.6456413e-004  1.4758621e+001  1.2840000e+003  2.3077467e+000
  2.0000000e+000  1.0000000e-001  2.1000000e+000  0.0000000e+000  2.7267974e-003  4.9673203e-005  7.7124183e-005  3.0016954e-002  5.0000000e+003  1.9681782e-004  1.4234043e+001  1.3380000e+003  2.2616122e+000
  2.0000000e+000  1.0000000e-001  2.2000000e+000  0.0000000e+000  2.0078431e-003 -2.1307190e-004  1.5424837e-004  1.5012723e-002  5.0000000e+003  1.3204883e-004  1.5170000e+001  1.5170000e+003  2.1922168e+000
  2.0000000e+000  1.0000000e-001  2.3000000e+000  0.0000000e+000  2.5477124e-003 -1.9477124e-004  4.0915033e-004 -1.8023590e-002  5.0000000e+003  1.5330095e-004  1.6134615e+001  1.6780000e+003  2.0859627e+000
  2.0000000e+000  1.0000000e-001  2.4000000e+000  0.0000000e+000  2.6496732e-003 -1.9869281e-004  4.8366013e-005  1.1412664e-002  5.0000000e+003  1.4642659e-004  1.6725664e+001  1.8900000e+003  2.0815403e+000
  2.0000000e+000  1.0000000e-001  2.5000000e+000  0.0000000e+000  2.4052288e-003 -2.4052288e-004  4.5751634e-005  4.0445231e-004  5.0000000e+003  1.2249729e-004  1.8000000e+001  1.9980000e+003  1.8843945e+000
  2.0000000e+000  1.0000000e-001  2.6000000e+000  0.0000000e+000  3.9477124e-003 -4.8366013e-005  3.2941176e-004  9.1913386e-003  5.0000000e+003  1.8588697e-004  1.8309735e+001  2.0690000e+003  1.7736202e+000
  2.0000000e+000  1.0000000e-001  2.7000000e+000  0.0000000e+000  4.1398693e-003 -2.6143791e-006  3.4248366e-004  5.3866552e-002  5.0000000e+003  1.8076287e-004  1.9252101e+001  2.2910000e+003  1.7320017e+000
  2.0000000e+000  1.0000000e-001  2.8000000e+000  0.0000000e+000  4.4405229e-003  1.1633987e-004  3.2418301e-004 -4.7866675e-003  5.0000000e+003  1.8028856e-004  2.0104000e+001  2.5130000e+003  1.6916979e+000
  2.0000000e+000  1.0000000e-001  2.9000000e+000  0.0000000e+000  6.0078431e-003 -2.1699346e-004  2.2483660e-004 -5.9331380e-003  5.0000000e+003  2.2739071e-004  2.3175000e+001  2.7810000e+003  1.5139590e+000
  2.0000000e+000  1.0000000e-001  3.0000000e+000  0.0000000e+000  5.4261438e-003 -2.5882353e-004  1.5163399e-004 -5.4620185e-003  5.0000000e+003  1.9191058e-004  2.1206107e+001  2.7780000e+003  1.5443924e+000
  2.0000000e+000  1.0000000e-001  2.0500000e+000  0.0000000e+000  1.6601307e-003  1.6470588e-004  2.9542484e-004  2.5563985e-003  5.0000000e+003  1.2574325e-004  1.3945652e+001  1.2830000e+003  2.3227848e+000
  2.0000000e+000  1.0000000e-001  2.1500000e+000  0.0000000e+000  2.2039216e-003  3.2679739e-005  3.7908497e-005  4.1857508e-003  5.0000000e+003  1.5176420e-004  1.6144444e+001  1.4530000e+003  2.0658294e+000
  2.0000000e+000  1.0000000e-001  2.2500000e+000  0.0000000e+000  2.6535948e-003  2.8366013e-004  1.6993464e-004 -1.1109955e-002  5.0000000e+003  1.6684750e-004  1.6621053e+001  1.5790000e+003  1.9910742e+000
  2.0000000e+000  1.0000000e-001  2.3500000e+000  0.0000000e+000  3.2287582e-003 -1.8300654e-004  1.4509804e-004 -8.4777876e-003  5.0000000e+003  1.8610152e-004  1.5471698e+001  1.6400000e+003  2.0365685e+000
  2.0000000e+000  1.0000000e-001  2.4500000e+000  0.0000000e+000  3.5150327e-003  9.4117647e-005  8.7581699e-005 -8.9825924e-004  5.0000000e+003  1.8640061e-004  1.7972222e+001  1.9410000e+003  1.9090639e+000
  2.0000000e+000  1.0000000e-001  2.5500000e+000  0.0000000e+000  3.1150327e-003 -1.3594771e-004  5.0980392e-005  1.5136317e-003  5.0000000e+003  1.5248684e-004  1.8756757e+001  2.0820000e+003  1.8112212e+000
  2.0000000e+000  1.0000000e-001  2.6500000e+000  0.0000000e+000  3.4196078e-003 -1.5686275e-005  5.0196078e-004 -1.4203147e-002  5.0000000e+003  1.5500107e-004  2.0324324e+001  2.2560000e+003  1.6771044e+000
  2.0000000e+000  1.0000000e-001  2.7500000e+000  0.0000000e+000  4.5032680e-003  1.0588235e-004  1.3071895e-004 -3.3781405e-004  5.0000000e+003  1.8954509e-004  1.9528926e+001  2.3630000e+003  1.6976527e+000
  2.0000000e+000  1.0000000e-001  2.8500000e+000  0.0000000e+000  4.6313725e-003 -2.3660131e-004 -6.5359477e-005 -3.1948986e-004  5.0000000e+003  1.8149728e-004  1.9796875e+001  2.5340000e+003  1.6720495e+000
  2.0000000e+000  1.0000000e-001  2.9500000e+000  0.0000000e+000  4.6980392e-003 -2.2222222e-005  1.2026144e-004 -6.6391245e-003  5.0000000e+003  1.7183939e-004  2.1085271e+001  2.7200000e+003  1.5728038e+000
  2.0000000e+000  1.0000000e-001  2.0000000e+000  0.0000000e+000  2.4862745e-003  1.0196078e-004  2.5098039e-004 -1.5093009e-003  5.0000000e+003  1.9785144e-004  1.4779070e+001  1.2710000e+003  2.2812209e+000
  2.0000000e+000  1.0000000e-001  2.1000000e+000  0.0000000e+000  3.1633987e-003  1.0849673e-004  2.5490196e-004  1.6342395e-003  5.0000000e+003  2.2833131e-004  1.5965116e+001  1.3730000e+003  2.0691346e+000
  2.0000000e+000  1.0000000e-001  2.2000000e+000  0.0000000e+000  1.9790850e-003 -3.0065359e-005  9.1503268e-006  5.1588872e-003  5.0000000e+003  1.3015750e-004  1.6606383e+001  1.5610000e+003  2.0606838e+000
  2.0000000e+000  1.0000000e-001  2.3000000e+000  0.0000000e+000  2.4993464e-003  1.2941176e-004  2.3660131e-004 -7.7320211e-003  5.0000000e+003  1.5039067e-004  1.6313131e+001  1.6150000e+003  1.9856760e+000
  2.0000000e+000  1.0000000e-001  2.4000000e+000  0.0000000e+000  2.6261438e-003 -3.2679739e-005  3.9215686e-004 -1.9533887e-002  5.0000000e+003  1.4512631e-004  1.6752294e+001  1.8260000e+003  2.0078575e+000
  2.0000000e+000  1.0000000e-001  2.5000000e+000  0.0000000e+000  1.8431373e-003  4.1830065e-005  1.3464052e-004 -2.6455054e-002  5.0000000e+003  9.3870210e-005  1.7324324e+001  1.9230000e+003  1.8843945e+000
  2.0000000e+000  1.0000000e-001  2.6000000e+000  0.0000000e+000  3.1581699e-003 -2.3660131e-004  1.9477124e-004 -1.0704995e-002  5.0000000e+003  1.4870957e-004  1.8928571e+001  2.1200000e+003  1.7579244e+000
  2.0000000e+000  1.0000000e-001  2.5000000e+000  0.0000000e+000  2.5333333e-003 -2.6274510e-004  6.2745098e-005 -3.3578147e-002  5.0000000e+003  1.2902161e-004  1.8690000e+001  1.8690000e+003  1.6976527e+000
  2.0000000e+000  1.0000000e-001  2.6000000e+000  0.0000000e+000  3.8771242e-003 -8.3660131e-005  4.9411765e-004 -4.6364445e-002  5.0000000e+003  1.8256316e-004  1.8991150e+001  2.1460000e+003  1.7736202e+000
  2.0000000e+000  1.0000000e-001  2.7000000e+000  0.0000000e+000  3.3764706e-003 -7.1895425e-005  2.4836601e-004 -1.2743161e-002  5.0000000e+003  1.4742990e-004  2.0144068e+001  2.3770000e+003  1.7174470e+000
  2.0000000e+000  1.0000000e-001  2.8000000e+000  0.0000000e+000  2.3686275e-003 -1.5163399e-004 -7.9738562e-005  8.7158167e-003  5.0000000e+003  9.6168053e-005  2.0040650e+001  2.4650000e+003  1.6646308e+000
  2.0000000e+000  1.0000000e-001  2.9000000e+000  0.0000000e+000  5.2339869e-003 -3.3986928e-005  2.0130719e-004 -3.5493307e-004  5.0000000e+003  1.9810104e-004  2.1991736e+001  2.6610000e+003  1.5265754e+000
  2.0000000e+000  1.0000000e-001  3.0000000e+000  0.0000000e+000  5.2562092e-003 -5.7516340e-005  2.4705882e-004 -4.9301590e-004  5.0000000e+003  1.8590037e-004  2.2099237e+001  2.8950000e+003  1.5443924e+000
  2.0000000e+000  1.0000000e-001  2.0500000e+000  0.0000000e+000  3.0339869e-003  1.6993464e-005  1.6993464e-005  1.8749055e-003  5.0000000e+003  2.2980322e-004  1.5161290e+001  1.4100000e+003  2.3480325e+000
  2.0000000e+000  1.0000000e-001  2.1500000e+000  0.0000000e+000  2.7111111e-003 -1.8954248e-004  2.3398693e-004 -2.5597364e-004  5.0000000e+003  1.8668977e-004  1.5698925e+001  1.4600000e+003  2.1346904e+000
  2.0000000e+000  1.0000000e-001  2.2500000e+000  0.0000000e+000  2.2705882e-003  6.4052288e-005 -6.0130719e-005  2.8905007e-002  5.0000000e+003  1.4276557e-004  1.7358696e+001  1.5970000e+003  1.9281982e+000
  2.0000000e+000  1.0000000e-001  2.3500000e+000  0.0000000e+000  3.6392157e-003 -2.6143791e-005  3.9869281e-004 -4.4643513e-002  5.0000000e+003  2.0975977e-004  1.6298077e+001  1.6950000e+003  1.9981426e+000
  2.0000000e+000  1.0000000e-001  2.4500000e+000  0.0000000e+000  1.7960784e-003 -1.0326797e-004  3.2679739e-005  1.7633658e-002  5.0000000e+003  9.5245235e-005  1.7113208e+001  1.8140000e+003  1.8737108e+000
  2.0000000e+000  1.0000000e-001  2.5500000e+000  0.0000000e+000  3.3856209e-003 -1.1764706e-004  1.0326797e-004 -5.8105260e-004  5.0000000e+003  1.6573266e-004  1.9697248e+001  2.1470000e+003  1.7785866e+000
  2.0000000e+000  1.0000000e-001  2.6500000e+000  0.0000000e+000  4.0261438e-003 -3.0065359e-005  4.5620915e-004  1.6763083e-002  5.0000000e+003  1.8249361e-004  1.9551724e+001  2.2680000e+003  1.7526497e+000
  2.0000000e+000  1.0000000e-001  2.7500000e+000  0.0000000e+000  4.8470588e-003 -1.1372549e-004  2.9411765e-004  3.6572815e-003  5.0000000e+003  2.0401544e-004  1.9713043e+001  2.2670000e+003  1.6134716e+000
  2.0000000e+000  1.0000000e-001  2.8500000e+000  0.0000000e+000  3.3699346e-003 -9.5424837e-005  6.5359477e-005 -7.9624157e-004  5.0000000e+003  1.3206322e-004  2.2422414e+001  2.6010000e+003  1.5152948e+000
  2.0000000e+000  1.0000000e-001  2.9500000e+000  0.0000000e+000  4.8169935e-003  1.5163399e-004  6.5359477e-005 -1.8137464e-002  5.0000000e+003  1.7619036e-004  2.1343511e+001  2.7960000e+003  1.5971884e+000
  2.0000000e+000  1.0000000e-001  2.0000000e+000  0.0000000e+000  3.0692810e-003  2.3921569e-004  2.9673203e-004  1.3556817e-002  5.0000000e+003  2.4424563e-004  1.3827957e+001  1.2860000e+003  2.4669016e+000
  2.0000000e+000  1.0000000e-001  2.1000000e+000  0.0000000e+000  2.7777778e-003 -8.7581699e-005  2.6535948e-004  1.6516185e-002  5.0000000e+003  2.0049753e-004  1.5391304e+001  1.4160000e+003  2.2134928e+000
  2.0000000e+000  1.0000000e-001  2.2000000e+000  0.0000000e+000  2.4888889e-003 -2.0130719e-004  3.5686275e-004  3.2864640e-002  5.0000000e+003  1.6368552e-004  1.4838384e+001  1.4690000e+003  2.1702947e+000
  2.0000000e+000  1.0000000e-001  2.3000000e+000  0.0000000e+000  2.6143791e-003 -2.2091503e-004  1.6862745e-004 -2.5819155e-002  5.0000000e+003  1.5731242e-004  1.6087379e+001  1.6570000e+003  2.0659054e+000
  2.0000000e+000  1.0000000e-001  2.4000000e+000  0.0000000e+000  2.5934641e-003 -7.8431373e-006  3.3464052e-004  4.7949998e-002  5.0000000e+003  1.4332036e-004  1.6459459e+001  1.8270000e+003  2.0446989e+000
  2.0000000e+000  1.0000000e-001  2.5000000e+000  0.0000000e+000  3.3830065e-003 -1.8823529e-004  3.0457516e-004  6.3974460e-002  5.0000000e+003  1.7229511e-004  1.8990741e+001  2.0510000e+003  1.8334649e+000
  2.0000000e+000  1.0000000e-001  2.6000000e+000  0.0000000e+000  3.3673203e-003  2.8627451e-004  8.1045752e-005 -8.8909940e-003  5.0000000e+003  1.5855789e-004  1.9477477e+001  2.1620000e+003  1.7422287e+000
  2.0000000e+000  1.0000000e-001  2.7000000e+000  0.0000000e+000  2.4836601e-003 -1.4117647e-004  2.4836601e-005 -2.5305567e-003  5.0000000e+003  1.0844631e-004  1.9241379e+001  2.2320000e+003  1.6883378e+000
  2.0000000e+000  1.0000000e-001  2.8000000e+000  0.0000000e+000  3.4705882e-003  1.8823529e-004 -5.0980392e-005 -2.8023700e-003  5.0000000e+003  1.4090849e-004  2.1059829e+001  2.4640000e+003  1.5834293e+000
  2.0000000e+000  1.0000000e-001  2.9000000e+000  0.0000000e+000  3.9098039e-003 -2.2222222e-004  1.3202614e-004 -2.1184069e-003  5.0000000e+003  1.4798207e-004  2.0899225e+001  2.6960000e+003  1.6275060e+000
  2.0000000e+000  1.0000000e-001  3.0000000e+000  0.0000000e+000  5.6640523e-003 -7.5816993e-005  4.0653595e-004  1.4632114e-002  5.0000000e+003  2.0032487e-004  2.3440945e+001  2.9770000e+003  1.4972354e+000
  2.0000000e+000  1.0000000e-001  2.0500000e+000  0.0000000e+000  3.1895425e-003  1.0457516e-004  1.5163399e-004  4.0921572e-003  5.0000000e+003  2.4158546e-004  1.5081395e+001  1.2970000e+003  2.1712988e+000
  2.0000000e+000  1.0000000e-001  2.1500000e+000  0.0000000e+000  2.5712418e-003 -3.8692810e-004  1.5816993e-004 -5.8175827e-005  5.0000000e+003  1.7705824e-004  1.5677778e+001  1.4110000e+003  2.0658294e+000
  2.0000000e+000  1.0000000e-001  2.2500000e+000  0.0000000e+000  1.7058824e-003 -1.1764706e-005  1.1764706e-004 -2.6554467e-002  5.0000000e+003  1.0725910e-004  1.5607843e+001  1.5920000e+003  2.1377849e+000
  2.0000000e+000  1.0000000e-001  2.3500000e+000  0.0000000e+000  1.7764706e-003 -6.2745098e-005  1.0588235e-004 -3.0142163e-002  5.0000000e+003  1.0239351e-004  1.6235849e+001  1.7210000e+003  2.0365685e+000
  2.0000000e+000  1.0000000e-001  2.4500000e+000  0.0000000e+000  3.0196078e-003 -6.1437908e-005  2.8104575e-004  1.0136441e-001  5.0000000e+003  1.6012845e-004  1.7153846e+001  1.7840000e+003  1.8383578e+000
  2.0000000e+000  1.0000000e-001  2.5500000e+000  0.0000000e+000  2.0575163e-003 -1.3333333e-004  1.2418301e-004  1.2200037e-004  5.0000000e+003  1.0071938e-004  2.0019048e+001  2.1020000e+003  1.7133173e+000
  2.0000000e+000  1.0000000e-001  2.6500000e+000  0.0000000e+000  3.7032680e-003 -1.4117647e-004 -2.2222222e-005  9.6672537e-003  5.0000000e+003  1.6785857e-004  1.9387931e+001  2.2490000e+003  1.7526497e+000
  2.0000000e+000  1.0000000e-001  2.7500000e+000  0.0000000e+000  4.5124183e-003  2.1830065e-004  2.2745098e-004 -9.0818640e-003  5.0000000e+003  1.8993023e-004  1.9747967e+001  2.4290000e+003  1.7257131e+000
