  2.0000000e+000  1.0000000e-001  2.0500000e+000  5.0000000e-001 -9.4248366e-004 -1.2196078e-003  2.7712418e-004  9.0833733e-003  5.0000000e+003 -7.1386524e-005  1.3612903e+001  1.2660000e+003  2.3480325e+000
  2.0000000e+000  1.0000000e-001  2.0500000e+000  4.0000000e+000 -3.4052288e-003 -9.7895425e-003  6.3843137e-003  3.7254948e-002  5.0000000e+003 -2.5792218e-004  1.3627660e+001  1.2810000e+003  2.3732801e+000
  2.0000000e+000  1.0000000e-001  2.0500000e+000  4.0000000e+000 -2.3032680e-003 -8.8797386e-003  6.5764706e-003  2.2735629e-002  5.0000000e+003 -1.7445639e-004  1.4043011e+001  1.3060000e+003  2.3480325e+000
  2.0000000e+000  1.0000000e-001  2.0500000e+000  4.0000000e+000 -1.7633987e-003 -8.2535948e-003  6.4901961e-003  2.3410723e-002  5.0000000e+003 -1.3356508e-004  1.4921348e+001  1.3280000e+003  2.2470418e+000
  2.0000000e+000  1.0000000e-001  2.1500000e+000  4.0000000e+000 -2.7581699e-003 -8.8104575e-003  6.0522876e-003  3.0801192e-002  5.0000000e+003 -1.8993029e-004  1.5786517e+001  1.4050000e+003  2.0428758e+000
  2.0000000e+000  1.0000000e-001  2.2500000e+000  4.0000000e+000 -6.8104575e-004 -8.2784314e-003  7.5973856e-003  4.3372119e-003  5.0000000e+003 -4.2821451e-005  1.6676768e+001  1.6510000e+003  2.0749089e+000
  2.0000000e+000  1.0000000e-001  2.3500000e+000  4.0000000e+000 -2.1529412e-003 -9.8039216e-003  7.6509804e-003  2.5467449e-002  5.0000000e+003 -1.2409280e-004  1.6875000e+001  1.7550000e+003  1.9981426e+000
  2.0000000e+000  1.0000000e-001  2.0500000e+000  4.0000000e+000 -2.2117647e-003 -8.3294118e-003  6.1176471e-003  3.8557144e-002  5.0000000e+003 -1.6752566e-004  1.4511111e+001  1.3060000e+003  2.2722895e+000
  2.0000000e+000  1.0000000e-001  2.1500000e+000  4.0000000e+000 -1.6928105e-003 -8.2183007e-003  6.5254902e-003  3.0751742e-002  5.0000000e+003 -1.1656859e-004  1.6043956e+001  1.4600000e+003  2.0887831e+000
  2.0000000e+000  1.0000000e-001  2.1500000e+000  4.0000000e+000 -2.7398693e-003 -1.0047059e-002  7.3071895e-003 -2.2484957e-003  5.0000000e+003 -1.8867009e-004  1.4958333e+001  1.4360000e+003  2.2035514e+000
  2.0000000e+000  1.0000000e-001  2.2500000e+000  4.0000000e+000 -2.1633987e-003 -9.6928105e-003  7.5294118e-003  5.6625449e-003  5.0000000e+003 -1.3602591e-004  1.5686275e+001  1.6000000e+003  2.1377849e+000
  2.0000000e+000  1.0000000e-001  2.3500000e+000  4.0000000e+000 -2.8392157e-003 -1.0350327e-002  7.5111111e-003  2.5917877e-002  5.0000000e+003 -1.6364879e-004  1.5682243e+001  1.6780000e+003  2.0557814e+000
  2.0000000e+000  1.0000000e-001  2.4500000e+000  4.0000000e+000 -2.6156863e-003 -9.8901961e-003  7.2745098e-003  1.6975084e-002  5.0000000e+003 -1.3870867e-004  1.8638095e+001  1.9570000e+003  1.8560343e+000
  2.0000000e+000  1.0000000e-001  2.5500000e+000  4.0000000e+000 -3.2366013e-003 -1.0673203e-002  7.4366013e-003  1.6323236e-002  5.0000000e+003 -1.5843786e-004  1.9138889e+001  2.0670000e+003  1.7622693e+000
  2.0000000e+000  1.0000000e-001  2.6500000e+000  4.0000000e+000 -2.4627451e-003 -1.1190850e-002  8.7281046e-003 -9.3475010e-003  5.0000000e+003 -1.1162921e-004  1.8794872e+001  2.1990000e+003  1.7677587e+000
  2.0000000e+000  1.0000000e-001  2.7500000e+000  4.0000000e+000 -3.9333333e-003 -1.2275817e-002  8.3424837e-003 -6.6691605e-003  5.0000000e+003 -1.6555622e-004  1.9655462e+001  2.3390000e+003  1.6695924e+000
  2.0000000e+000  1.0000000e-001  2.8500000e+000  4.0000000e+000 -4.3803922e-003 -1.3767320e-002  9.3869281e-003  6.0885166e-003  5.0000000e+003 -1.7166170e-004  2.0376000e+001  2.5470000e+003  1.6328608e+000
  2.0000000e+000  1.0000000e-001  2.9500000e+000  4.0000000e+000 -2.4196078e-003 -1.2763399e-002  1.0343791e-002  1.0120146e-003  5.0000000e+003 -8.8501591e-005  2.2436508e+001  2.8270000e+003  1.5362270e+000
  2.0000000e+000  1.0000000e-001  2.0000000e+000  4.0000000e+000 -2.5372549e-003 -8.7921569e-003  6.2549020e-003  1.2363494e-002  5.0000000e+003 -2.0190833e-004  1.3791209e+001  1.2550000e+003  2.4138500e+000
  2.0000000e+000  1.0000000e-001  2.2500000e+000  4.0000000e+000 -2.0745098e-003 -9.2196078e-003  7.1450980e-003  2.7083007e-002  5.0000000e+003 -1.3043693e-004  1.6051020e+001  1.5730000e+003  2.0539502e+000
  2.0000000e+000  1.0000000e-001  2.3500000e+000  4.0000000e+000 -2.7803922e-003 -1.0664052e-002  7.8836601e-003  1.8944763e-002  5.0000000e+003 -1.6025827e-004  1.7450000e+001  1.7450000e+003  1.9212910e+000
  2.0000000e+000  1.0000000e-001  2.3500000e+000  4.0000000e+000 -3.7921569e-003 -1.0763399e-002  6.9712418e-003  5.3393993e-003  5.0000000e+003 -2.1857511e-004  1.6179245e+001  1.7150000e+003  2.0365685e+000
  2.0000000e+000  1.0000000e-001  2.4500000e+000  4.0000000e+000 -1.8117647e-003 -9.7019608e-003  7.8901961e-003  3.0036803e-002  5.0000000e+003 -9.6077071e-005  1.7564815e+001  1.8970000e+003  1.9090639e+000
  2.0000000e+000  1.0000000e-001  2.5500000e+000  4.0000000e+000 -3.6300654e-003 -1.1039216e-002  7.4091503e-003  7.7191080e-003  5.0000000e+003 -1.7769868e-004  1.7810811e+001  1.9770000e+003  1.8112212e+000
  2.0000000e+000  1.0000000e-001  2.6500000e+000  4.0000000e+000 -2.3424837e-003 -1.0988235e-002  8.6457516e-003  1.2298033e-002  5.0000000e+003 -1.0617810e-004  2.0087719e+001  2.2900000e+003  1.7224316e+000
  2.0000000e+000  1.0000000e-001  2.7500000e+000  4.0000000e+000 -3.4091503e-003 -1.2871895e-002  9.4627451e-003  2.2101929e-002  5.0000000e+003 -1.4349306e-004  1.9387097e+001  2.4040000e+003  1.7397433e+000
  2.0000000e+000  1.0000000e-001  2.8500000e+000  4.0000000e+000 -4.0849673e-003 -1.2819608e-002  8.7346405e-003  1.0132629e-002  5.0000000e+003 -1.6008439e-004  2.1922414e+001  2.5430000e+003  1.5152948e+000
  2.0000000e+000  1.0000000e-001  2.9500000e+000  4.0000000e+000 -4.6575163e-003 -1.3865359e-002  9.2078431e-003  1.9350336e-002  5.0000000e+003 -1.7035720e-004  2.0860465e+001  2.6910000e+003  1.5728038e+000
  2.0000000e+000  1.0000000e-001  2.0000000e+000  4.0000000e+000 -3.0535948e-003 -9.3790850e-003  6.3254902e-003  2.0619269e-002  5.0000000e+003 -2.4299735e-004  1.4250000e+001  1.2540000e+003  2.3342725e+000
  2.0000000e+000  1.0000000e-001  2.1000000e+000  4.0000000e+000 -1.8496732e-003 -8.0692810e-003  6.2196078e-003 -7.6223855e-005  5.0000000e+003 -1.3350777e-004  1.6651163e+001  1.4320000e+003  2.0691346e+000
  2.0000000e+000  1.0000000e-001  2.2000000e+000  4.0000000e+000 -3.5830065e-003 -1.1020915e-002  7.4379085e-003 -1.5084953e-002  5.0000000e+003 -2.3564182e-004  1.4901961e+001  1.5200000e+003  2.2360612e+000
  2.0000000e+000  1.0000000e-001  2.3000000e+000  4.0000000e+000 -1.4901961e-003 -9.7058824e-003  8.2156863e-003  2.9230191e-004  5.0000000e+003 -8.9668080e-005  1.6310680e+001  1.6800000e+003  2.0659054e+000
  2.0000000e+000  1.0000000e-001  2.4000000e+000  4.0000000e+000 -1.9032680e-003 -1.0083660e-002  8.1803922e-003 -1.2810943e-002  5.0000000e+003 -1.0517865e-004  1.7638095e+001  1.8520000e+003  1.9341747e+000
  2.0000000e+000  1.0000000e-001  2.5000000e+000  4.0000000e+000 -3.7437908e-003 -1.0743791e-002  7.0000000e-003  2.7100456e-002  5.0000000e+003 -1.9066970e-004  1.7196429e+001  1.9260000e+003  1.9013711e+000
  2.0000000e+000  1.0000000e-001  2.6000000e+000  4.0000000e+000 -2.8117647e-003 -1.0922876e-002  8.1111111e-003  4.0138760e-003  5.0000000e+003 -1.3239830e-004  1.9714286e+001  2.2080000e+003  1.7579244e+000
  2.0000000e+000  1.0000000e-001  2.7000000e+000  4.0000000e+000 -3.0993464e-003 -1.1831373e-002  8.7320261e-003  1.9897701e-002  5.0000000e+003 -1.3532957e-004  1.8300000e+001  2.1960000e+003  1.7465563e+000
  2.0000000e+000  1.0000000e-001  2.8000000e+000  4.0000000e+000 -4.6117647e-003 -1.3474510e-002  8.8627451e-003  1.7786646e-002  5.0000000e+003 -1.8724111e-004  1.9983607e+001  2.4380000e+003  1.6510972e+000
  2.0000000e+000  1.0000000e-001  2.9000000e+000  4.0000000e+000 -2.0000000e-003 -1.1745098e-002  9.7450980e-003  1.0016467e-002  5.0000000e+003 -7.5697952e-005  2.1187500e+001  2.7120000e+003  1.6148896e+000
  2.0000000e+000  1.0000000e-001  3.0000000e+000  4.0000000e+000 -2.0339869e-003 -1.1877124e-002  9.8431373e-003 -4.6911209e-004  5.0000000e+003 -7.1937572e-005  2.3173228e+001  2.9430000e+003  1.4972354e+000
  2.0000000e+000  1.0000000e-001  2.0500000e+000  4.0000000e+000 -1.3647059e-003 -8.0352941e-003  6.6705882e-003  1.5987889e-002  5.0000000e+003 -1.0336689e-004  1.5222222e+001  1.3700000e+003  2.2722895e+000
  2.0000000e+000  1.0000000e-001  2.1500000e+000  4.0000000e+000 -2.5084967e-003 -9.0967320e-003  6.5882353e-003  1.3982560e-002  5.0000000e+003 -1.7273755e-004  1.5804348e+001  1.4540000e+003  2.1117368e+000
  2.0000000e+000  1.0000000e-001  2.2500000e+000  4.0000000e+000 -3.2954248e-003 -1.0390850e-002  7.0954248e-003  3.0793408e-002  5.0000000e+003 -2.0720322e-004  1.4728155e+001  1.5170000e+003  2.1587436e+000
  2.0000000e+000  1.0000000e-001  2.3500000e+000  4.0000000e+000 -3.2797386e-003 -1.0269281e-002  6.9895425e-003 -3.7738572e-004  5.0000000e+003 -1.8903997e-004  1.6339806e+001  1.6830000e+003  1.9789297e+000
  2.0000000e+000  1.0000000e-001  2.4500000e+000  4.0000000e+000 -3.4470588e-003 -9.8888889e-003  6.4418301e-003  7.1233526e-003  5.0000000e+003 -1.8279599e-004  1.8626263e+001  1.8440000e+003  1.7499752e+000
  2.0000000e+000  1.0000000e-001  2.5500000e+000  4.0000000e+000 -2.8418301e-003 -1.1639216e-002  8.7973856e-003  1.7493612e-002  5.0000000e+003 -1.3911305e-004  1.8899083e+001  2.0600000e+003  1.7785866e+000
  2.0000000e+000  1.0000000e-001  2.6500000e+000  4.0000000e+000 -3.2130719e-003 -1.1597386e-002  8.3843137e-003  7.7449081e-003  5.0000000e+003 -1.4563938e-004  1.7818966e+001  2.0670000e+003  1.7526497e+000
  2.0000000e+000  1.0000000e-001  2.7500000e+000  4.0000000e+000 -3.6261438e-003 -1.1763399e-002  8.1372549e-003  7.4550226e-003  5.0000000e+003 -1.5262644e-004  1.9403361e+001  2.3090000e+003  1.6695924e+000
  2.0000000e+000  1.0000000e-001  2.8500000e+000  4.0000000e+000 -2.7346405e-003 -1.2440523e-002  9.7058824e-003  2.5274462e-002  5.0000000e+003 -1.0716690e-004  2.0603175e+001  2.5960000e+003  1.6459237e+000
  2.0000000e+000  1.0000000e-001  2.9500000e+000  4.0000000e+000 -3.2261438e-003 -1.3064052e-002  9.8379085e-003 -2.9325246e-003  5.0000000e+003 -1.1800212e-004  2.2126984e+001  2.7880000e+003  1.5362270e+000
  2.0000000e+000  1.0000000e-001  2.0000000e+000  4.0000000e+000 -2.7568627e-003 -9.0627451e-003  6.3058824e-003  1.4998888e-002  5.0000000e+003 -2.1938417e-004  1.3836957e+001  1.2730000e+003  2.4403758e+000
  2.0000000e+000  1.0000000e-001  2.1000000e+000  4.0000000e+000 -1.5973856e-003 -8.8941176e-003  7.2967320e-003  1.5958226e-002  5.0000000e+003 -1.1529788e-004  1.4447917e+001  1.3870000e+003  2.3097316e+000
  2.0000000e+000  1.0000000e-001  2.2000000e+000  4.0000000e+000 -2.6039216e-003 -8.3973856e-003  5.7934641e-003  2.6430615e-002  5.0000000e+003 -1.7125082e-004  1.7123596e+001  1.5240000e+003  1.9510730e+000
  2.0000000e+000  1.0000000e-001  2.3000000e+000  4.0000000e+000 -2.3581699e-003 -9.7267974e-003  7.3686275e-003  2.7534840e-002  5.0000000e+003 -1.4189580e-004  1.7731959e+001  1.7200000e+003  1.9455614e+000
  2.0000000e+000  1.0000000e-001  2.4000000e+000  4.0000000e+000 -2.0901961e-003 -9.7816993e-003  7.6915033e-003 -7.3298765e-004  5.0000000e+003 -1.1550869e-004  1.7653846e+001  1.8360000e+003  1.9157539e+000
  2.0000000e+000  1.0000000e-001  2.5000000e+000  4.0000000e+000 -2.2888889e-003 -1.0773856e-002  8.4849673e-003  1.6724533e-002  5.0000000e+003 -1.1657215e-004  1.7478261e+001  2.0100000e+003  1.9523006e+000
  2.0000000e+000  1.0000000e-001  2.6000000e+000  4.0000000e+000 -2.7647059e-003 -1.0784314e-002  8.0196078e-003  2.9823616e-002  5.0000000e+003 -1.3018243e-004  1.9198198e+001  2.1310000e+003  1.7422287e+000
  2.0000000e+000  1.0000000e-001  2.7000000e+000  4.0000000e+000 -2.5673203e-003 -1.1496732e-002  8.9294118e-003  3.6510474e-002  5.0000000e+003 -1.1209923e-004  1.9289256e+001  2.3340000e+003  1.7611109e+000
  2.0000000e+000  1.0000000e-001  2.8000000e+000  4.0000000e+000 -3.6379085e-003 -1.1805229e-002  8.1673203e-003  1.7277280e-002  5.0000000e+003 -1.4770182e-004  2.1592920e+001  2.4400000e+003  1.5292949e+000
  2.0000000e+000  1.0000000e-001  2.9000000e+000  4.0000000e+000 -3.9856209e-003 -1.3116340e-002  9.1307190e-003  5.8515993e-003  5.0000000e+003 -1.5085167e-004  2.0240000e+001  2.5300000e+003  1.5770407e+000
  2.0000000e+000  1.0000000e-001  3.0000000e+000  4.0000000e+000 -2.7960784e-003 -1.2966013e-002  1.0169935e-002  2.3306206e-003  5.0000000e+003 -9.8891045e-005  2.2038760e+001  2.8430000e+003  1.5208139e+000
  2.0000000e+000  1.0000000e-001  2.0500000e+000  4.0000000e+000 -1.7150327e-003 -8.2718954e-003  6.5568627e-003 -1.5274401e-002  5.0000000e+003 -1.2990169e-004  1.5164835e+001  1.3800000e+003  2.2975372e+000
  2.0000000e+000  1.0000000e-001  2.1500000e+000  4.0000000e+000 -2.6522876e-003 -9.5333333e-003  6.8810458e-003  2.0271367e-002  5.0000000e+003 -1.8263913e-004  1.5122449e+001  1.4820000e+003  2.2494587e+000
  2.0000000e+000  1.0000000e-001  2.2500000e+000  4.0000000e+000 -3.5803922e-003 -1.0564706e-002  6.9843137e-003 -2.1415150e-002  5.0000000e+003 -2.2512083e-004  1.6390000e+001  1.6390000e+003  2.0958676e+000
  2.0000000e+000  1.0000000e-001  2.3500000e+000  4.0000000e+000 -3.2810458e-003 -9.4967320e-003  6.2156863e-003  6.9122456e-003  5.0000000e+003 -1.8911531e-004  1.7666667e+001  1.7490000e+003  1.9020781e+000
  2.0000000e+000  1.0000000e-001  2.4500000e+000  4.0000000e+000 -3.0522876e-003 -1.0993464e-002  7.9411765e-003  2.8031961e-002  5.0000000e+003 -1.6186144e-004  1.7130841e+001  1.8330000e+003  1.8913874e+000
  2.0000000e+000  1.0000000e-001  2.5500000e+000  4.0000000e+000 -3.0562092e-003 -1.0865359e-002  7.8091503e-003  2.3998920e-002  5.0000000e+003 -1.4960732e-004  1.8699115e+001  2.1130000e+003  1.8438558e+000
  2.0000000e+000  1.0000000e-001  2.4500000e+000  4.0000000e+000 -3.9660131e-003 -1.1908497e-002  7.9424837e-003  1.3373086e-002  5.0000000e+003 -2.1031590e-004  1.6801802e+001  1.8650000e+003  1.9620934e+000
  2.0000000e+000  1.0000000e-001  2.5500000e+000  4.0000000e+000 -2.3281046e-003 -1.0000000e-002  7.6718954e-003  1.0802202e-002  5.0000000e+003 -1.1396520e-004  1.9027778e+001  2.0550000e+003  1.7622693e+000
  2.0000000e+000  1.0000000e-001  2.6500000e+000  4.0000000e+000 -3.2967320e-003 -1.1448366e-002  8.1516340e-003  1.0823724e-002  5.0000000e+003 -1.4943146e-004  1.8405172e+001  2.1350000e+003  1.7526497e+000
  2.0000000e+000  1.0000000e-001  2.7500000e+000  4.0000000e+000 -3.0026144e-003 -1.2375163e-002  9.3725490e-003  1.2897385e-002  5.0000000e+003 -1.2638173e-004  2.0048780e+001  2.4660000e+003  1.7257131e+000
  2.0000000e+000  1.0000000e-001  2.8500000e+000  4.0000000e+000 -3.5699346e-003 -1.2721569e-002  9.1516340e-003  2.1667372e-002  5.0000000e+003 -1.3990095e-004  2.0656000e+001  2.5820000e+003  1.6328608e+000
  2.0000000e+000  1.0000000e-001  2.9500000e+000  4.0000000e+000 -3.3725490e-003 -1.2316340e-002  8.9437908e-003  1.6433262e-002  5.0000000e+003 -1.2335716e-004  2.2146341e+001  2.7240000e+003  1.4996501e+000
  2.0000000e+000  1.0000000e-001  2.0000000e+000  4.0000000e+000 -2.2222222e-003 -8.2745098e-003  6.0522876e-003 -7.6339029e-003  5.0000000e+003 -1.7683883e-004  1.4726190e+001  1.2370000e+003  2.2281692e+000
  2.0000000e+000  1.0000000e-001  2.1000000e+000  4.0000000e+000 -1.4692810e-003 -8.3921569e-003  6.9228758e-003  5.0850458e-002  5.0000000e+003 -1.0605140e-004  1.5355556e+001  1.3820000e+003  2.1653734e+000
  2.0000000e+000  1.0000000e-001  2.2000000e+000  4.0000000e+000 -2.3163399e-003 -8.7464052e-003  6.4300654e-003  1.0390004e-002  5.0000000e+003 -1.5233758e-004  1.7097826e+001  1.5730000e+003  2.0168395e+000
  2.0000000e+000  1.0000000e-001  2.3000000e+000  4.0000000e+000 -2.7241830e-003 -1.0269281e-002  7.5450980e-003  7.0152459e-003  5.0000000e+003 -1.6391954e-004  1.5660377e+001  1.6600000e+003  2.1260774e+000
  2.0000000e+000  1.0000000e-001  2.4000000e+000  4.0000000e+000 -2.7111111e-003 -1.0172549e-002  7.4614379e-003  1.6854047e-002  5.0000000e+003 -1.4982178e-004  1.7093458e+001  1.8290000e+003  1.9710161e+000
  2.0000000e+000  1.0000000e-001  2.5000000e+000  4.0000000e+000 -3.1267974e-003 -9.5699346e-003  6.4431373e-003  9.5605642e-003  5.0000000e+003 -1.5924648e-004  1.9504854e+001  2.0090000e+003  1.7485823e+000
  2.0000000e+000  1.0000000e-001  2.6000000e+000  4.0000000e+000 -3.1986928e-003 -1.1675817e-002  8.4771242e-003  1.2407611e-002  5.0000000e+003 -1.5061768e-004  1.7811966e+001  2.0840000e+003  1.8364032e+000
  2.0000000e+000  1.0000000e-001  2.7000000e+000  4.0000000e+000 -2.3960784e-003 -1.1349020e-002  8.9529412e-003  8.5433955e-003  5.0000000e+003 -1.0462215e-004  2.0008403e+001  2.3810000e+003  1.7320017e+000
  2.0000000e+000  1.0000000e-001  2.8000000e+000  4.0000000e+000 -3.3830065e-003 -1.2184314e-002  8.8013072e-003  6.3559262e-003  5.0000000e+003 -1.3735261e-004  1.9352459e+001  2.3610000e+003  1.6510972e+000
  2.0000000e+000  1.0000000e-001  2.9000000e+000  4.0000000e+000 -3.5751634e-003 -1.2053595e-002  8.4784314e-003 -3.9890001e-003  5.0000000e+003 -1.3531627e-004  2.0271318e+001  2.6150000e+003  1.6275060e+000
  2.0000000e+000  1.0000000e-001  3.0000000e+000  4.0000000e+000 -2.2915033e-003 -1.2452288e-002  1.0160784e-002  1.4765079e-002  5.0000000e+003 -8.1045349e-005  2.3216000e+001  2.9020000e+003  1.4736569e+000
  2.0000000e+000  1.0000000e-001  2.0500000e+000  4.0000000e+000 -2.1150327e-003 -8.5542484e-003  6.4392157e-003  3.8662727e-002  5.0000000e+003 -1.6019888e-004  1.5266667e+001  1.3740000e+003  2.2722895e+000
  2.0000000e+000  1.0000000e-001  2.1500000e+000  4.0000000e+000 -2.2143791e-003 -9.6496732e-003  7.4352941e-003  3.5391264e-002  5.0000000e+003 -1.5248432e-004  1.6031915e+001  1.5070000e+003  2.1576441e+000
  2.0000000e+000  1.0000000e-001  2.2500000e+000  4.0000000e+000 -2.3581699e-003 -9.2169935e-003  6.8588235e-003  2.3980824e-002  5.0000000e+003 -1.4827236e-004  1.6768421e+001  1.5930000e+003  1.9910742e+000
  2.0000000e+000  1.0000000e-001  2.3500000e+000  4.0000000e+000 -3.4091503e-003 -9.8941176e-003  6.4849673e-003  1.7985473e-002  5.0000000e+003 -1.9649910e-004  1.5752381e+001  1.6540000e+003  2.0173555e+000
  2.0000000e+000  1.0000000e-001  2.4500000e+000  4.0000000e+000 -2.1581699e-003 -9.3424837e-003  7.1843137e-003  1.7105006e-002  5.0000000e+003 -1.1444678e-004  1.8118812e+001  1.8300000e+003  1.7853283e+000
  2.0000000e+000  1.0000000e-001  2.5500000e+000  4.0000000e+000 -3.6666667e-003 -1.1013072e-002  7.3464052e-003  1.8796328e-002  5.0000000e+003 -1.7949039e-004  1.8500000e+001  1.9980000e+003  1.7622693e+000
  2.0000000e+000  1.0000000e-001  2.6500000e+000  4.0000000e+000 -2.7307190e-003 -1.0416993e-002  7.6862745e-003  1.2458867e-002  5.0000000e+003 -1.2377570e-004  2.0422018e+001  2.2260000e+003  1.6468863e+000
  2.0000000e+000  1.0000000e-001  2.7500000e+000  4.0000000e+000 -3.0235294e-003 -1.1628758e-002  8.6052288e-003  1.5655014e-002  5.0000000e+003 -1.2726206e-004  1.9189655e+001  2.2260000e+003  1.6275018e+000
  2.0000000e+000  1.0000000e-001  2.8500000e+000  4.0000000e+000 -3.0967320e-003 -1.2169935e-002  9.0732026e-003  1.7381573e-004  5.0000000e+003 -1.2135678e-004  2.0658333e+001  2.4790000e+003  1.5675464e+000
  2.0000000e+000  1.0000000e-001  2.9500000e+000  4.0000000e+000 -3.6954248e-003 -1.3682353e-002  9.9869281e-003 -3.4763859e-004  5.0000000e+003 -1.3516694e-004  2.0448529e+001  2.7810000e+003  1.6581497e+000
  2.0000000e+000  1.0000000e-001  2.0000000e+000  4.0000000e+000 -2.1803922e-003 -8.7437908e-003  6.5633987e-003  3.2404590e-003  5.0000000e+003 -1.7351009e-004  1.4393258e+001  1.2810000e+003  2.3607983e+000
  2.0000000e+000  1.0000000e-001  2.1000000e+000  4.0000000e+000 -2.2614379e-003 -8.9333333e-003  6.6718954e-003  3.0791389e-002  5.0000000e+003 -1.6322858e-004  1.5428571e+001  1.4040000e+003  2.1894331e+000
  2.0000000e+000  1.0000000e-001  2.2000000e+000  4.0000000e+000 -2.8954248e-003 -9.4535948e-003  6.5581699e-003 -5.9339704e-003  5.0000000e+003 -1.9042197e-004  1.5540816e+001  1.5230000e+003  2.1483725e+000
  2.0000000e+000  1.0000000e-001  2.3000000e+000  4.0000000e+000 -1.9372549e-003 -9.3307190e-003  7.3934641e-003  5.7395387e-002  5.0000000e+003 -1.1656850e-004  1.7343750e+001  1.6650000e+003  1.9255040e+000
  2.0000000e+000  1.0000000e-001  2.4000000e+000  4.0000000e+000 -3.0862745e-003 -1.0752941e-002  7.6666667e-003  2.2605899e-002  5.0000000e+003 -1.7055411e-004  1.7669811e+001  1.8730000e+003  1.9525954e+000
  2.0000000e+000  1.0000000e-001  2.5000000e+000  4.0000000e+000 -3.4039216e-003 -1.0811765e-002  7.4078431e-003 -6.1872598e-003  5.0000000e+003 -1.7336030e-004  1.8792453e+001  1.9920000e+003  1.7995119e+000
  2.0000000e+000  1.0000000e-001  2.6000000e+000  4.0000000e+000 -2.9202614e-003 -1.0830065e-002  7.9098039e-003  2.7229912e-002  5.0000000e+003 -1.3750711e-004  2.0138889e+001  2.1750000e+003  1.6951414e+000
  2.0000000e+000  1.0000000e-001  2.7000000e+000  4.0000000e+000 -3.8601307e-003 -1.1484967e-002  7.6248366e-003  1.6336108e-002  5.0000000e+003 -1.6854839e-004  1.9641026e+001  2.2980000e+003  1.7028924e+000
  2.0000000e+000  1.0000000e-001  2.8000000e+000  4.0000000e+000 -2.4379085e-003 -1.1534641e-002  9.0967320e-003  8.7638377e-003  5.0000000e+003 -9.8980915e-005  2.0743802e+001  2.5100000e+003  1.6375636e+000
